(kicad_pcb (version 20171130) (host pcbnew "(5.0.2)-1")

  (general
    (thickness 1.6)
    (drawings 130)
    (tracks 2441)
    (zones 0)
    (modules 216)
    (nets 218)
  )

  (page A4)
  (title_block
    (title "Adquisidor genérico - Placa Base")
    (date 2019-07-15)
    (rev V1.33)
    (company "Trenes Argentinos Operaciones")
    (comment 1 "Colaboradores: Santiago Germino")
    (comment 2 "Autor: Lucas Dórdolo")
  )

  (layers
    (0 F.Cu signal)
    (31 B.Cu signal)
    (32 B.Adhes user)
    (33 F.Adhes user)
    (34 B.Paste user)
    (35 F.Paste user)
    (36 B.SilkS user)
    (37 F.SilkS user)
    (38 B.Mask user)
    (39 F.Mask user hide)
    (40 Dwgs.User user)
    (41 Cmts.User user)
    (42 Eco1.User user)
    (43 Eco2.User user)
    (44 Edge.Cuts user)
    (45 Margin user)
    (46 B.CrtYd user)
    (47 F.CrtYd user)
    (48 B.Fab user)
    (49 F.Fab user)
  )

  (setup
    (last_trace_width 0.254)
    (user_trace_width 0.254)
    (user_trace_width 0.3)
    (user_trace_width 0.5)
    (user_trace_width 0.8)
    (user_trace_width 1)
    (user_trace_width 2)
    (user_trace_width 4)
    (trace_clearance 0.2)
    (zone_clearance 0.508)
    (zone_45_only no)
    (trace_min 0.254)
    (segment_width 0.2)
    (edge_width 0.2)
    (via_size 1)
    (via_drill 0.5)
    (via_min_size 1)
    (via_min_drill 0.5)
    (uvia_size 0.3)
    (uvia_drill 0.1)
    (uvias_allowed no)
    (uvia_min_size 0.2)
    (uvia_min_drill 0.1)
    (pcb_text_width 0.3)
    (pcb_text_size 1.5 1.5)
    (mod_edge_width 0.15)
    (mod_text_size 1 1)
    (mod_text_width 0.15)
    (pad_size 3 3)
    (pad_drill 3)
    (pad_to_mask_clearance 0.051)
    (solder_mask_min_width 0.25)
    (aux_axis_origin 0 0)
    (visible_elements 7FFFFFFF)
    (pcbplotparams
      (layerselection 0x010fc_ffffffff)
      (usegerberextensions false)
      (usegerberattributes false)
      (usegerberadvancedattributes false)
      (creategerberjobfile false)
      (excludeedgelayer true)
      (linewidth 0.100000)
      (plotframeref false)
      (viasonmask false)
      (mode 1)
      (useauxorigin false)
      (hpglpennumber 1)
      (hpglpenspeed 20)
      (hpglpendiameter 15.000000)
      (psnegative false)
      (psa4output false)
      (plotreference true)
      (plotvalue true)
      (plotinvisibletext false)
      (padsonsilk false)
      (subtractmaskfromsilk false)
      (outputformat 1)
      (mirror false)
      (drillshape 1)
      (scaleselection 1)
      (outputdirectory ""))
  )

  (net 0 "")
  (net 1 "Net-(F1-Pad1)")
  (net 2 "Net-(F2-Pad1)")
  (net 3 "Net-(F3-Pad1)")
  (net 4 "Net-(F4-Pad1)")
  (net 5 "Net-(J4-Pad5)")
  (net 6 GND)
  (net 7 "Net-(D1-Pad2)")
  (net 8 "Net-(C54-Pad1)")
  (net 9 "Net-(C57-Pad1)")
  (net 10 "Net-(D14-Pad1)")
  (net 11 "Net-(D16-Pad1)")
  (net 12 /WiFi/B)
  (net 13 /WiFi/A)
  (net 14 /WiFi/Y)
  (net 15 /WiFi/Z)
  (net 16 Earth)
  (net 17 /MCU/PDR_ON)
  (net 18 VDD)
  (net 19 "Net-(R40-Pad1)")
  (net 20 /BOOT0)
  (net 21 "Net-(JP1-Pad1)")
  (net 22 "Net-(R38-Pad1)")
  (net 23 "Net-(C46-Pad1)")
  (net 24 "Net-(C45-Pad1)")
  (net 25 +5V)
  (net 26 "Net-(C44-Pad1)")
  (net 27 "Net-(C22-Pad1)")
  (net 28 /MCU/PH1)
  (net 29 /MCU/PH0)
  (net 30 "Net-(R33-Pad2)")
  (net 31 "Net-(D12-Pad2)")
  (net 32 "Net-(D2-Pad1)")
  (net 33 "Net-(D6-Pad1)")
  (net 34 "Net-(Q1-Pad1)")
  (net 35 "Net-(R15-Pad2)")
  (net 36 /MCU/PB2-BOOT1)
  (net 37 "Net-(JP2-Pad1)")
  (net 38 "Net-(JP3-Pad1)")
  (net 39 "Net-(JP4-Pad1)")
  (net 40 "Net-(R20-Pad2)")
  (net 41 "Net-(Q2-Pad1)")
  (net 42 "Net-(Q3-Pad1)")
  (net 43 "Net-(D11-Pad1)")
  (net 44 +4V)
  (net 45 "Net-(C29-Pad1)")
  (net 46 VDDA)
  (net 47 /MCU/VREF+)
  (net 48 /MCU/PC15)
  (net 49 /MCU/PC14)
  (net 50 "Net-(D12-Pad1)")
  (net 51 /MCU/VBAT)
  (net 52 "Net-(J8-Pad1)")
  (net 53 "Net-(C53-Pad1)")
  (net 54 "Net-(C56-Pad1)")
  (net 55 "Net-(R57-Pad1)")
  (net 56 "Net-(C56-Pad2)")
  (net 57 "Net-(JP8-Pad1)")
  (net 58 "Net-(J8-Pad8)")
  (net 59 "Net-(J8-Pad11)")
  (net 60 "Net-(J10-Pad4)")
  (net 61 "Net-(C61-Pad1)")
  (net 62 "Net-(JP7-Pad3)")
  (net 63 "Net-(C62-Pad1)")
  (net 64 "Net-(JP7-Pad1)")
  (net 65 /analogico/AIn1)
  (net 66 "Net-(R44-Pad1)")
  (net 67 "Net-(JP5-Pad1)")
  (net 68 "Net-(JP5-Pad3)")
  (net 69 "Net-(R50-Pad1)")
  (net 70 "Net-(C53-Pad2)")
  (net 71 "Net-(JP6-Pad1)")
  (net 72 +5P)
  (net 73 "Net-(D11-Pad2)")
  (net 74 "Net-(Q3-Pad3)")
  (net 75 /NRST)
  (net 76 "Net-(J9-Pad6)")
  (net 77 "Net-(J9-Pad5)")
  (net 78 "Net-(J9-Pad4)")
  (net 79 "Net-(J9-Pad3)")
  (net 80 "Net-(J9-Pad2)")
  (net 81 "Net-(J9-Pad1)")
  (net 82 /DIO/in_clk)
  (net 83 /DIO/par_ser)
  (net 84 "Net-(C1-Pad1)")
  (net 85 /MCU/TMS-SWDIO)
  (net 86 "Net-(C2-Pad1)")
  (net 87 /MCU/TCK-SWCLK)
  (net 88 /MCU/TDO-SWO)
  (net 89 "Net-(D3-Pad1)")
  (net 90 "Net-(D13-Pad3)")
  (net 91 "Net-(D18-Pad3)")
  (net 92 "Net-(D20-Pad3)")
  (net 93 "Net-(D19-Pad3)")
  (net 94 /WiFi/DTR_SIM800)
  (net 95 /WiFi/RX_SIM800)
  (net 96 /WiFi/TX_SIM800)
  (net 97 GNDA)
  (net 98 "Net-(D21-Pad2)")
  (net 99 "Net-(D22-Pad2)")
  (net 100 "Net-(D23-Pad2)")
  (net 101 "Net-(D24-Pad2)")
  (net 102 "Net-(J3-Pad1)")
  (net 103 /An_In1)
  (net 104 /An_In2)
  (net 105 /An_In3)
  (net 106 /An_In4)
  (net 107 /LED1)
  (net 108 /LED2)
  (net 109 /SW1)
  (net 110 /LED3)
  (net 111 /LED4)
  (net 112 /SW2)
  (net 113 "Net-(J8-Pad12)")
  (net 114 "Net-(J8-Pad14)")
  (net 115 "Net-(J8-Pad13)")
  (net 116 "Net-(U8-Pad1)")
  (net 117 "Net-(U8-Pad9)")
  (net 118 "Net-(U8-Pad8)")
  (net 119 "Net-(U8-Pad7)")
  (net 120 "Net-(U8-Pad10)")
  (net 121 "Net-(U8-Pad12)")
  (net 122 "Net-(U7-Pad30)")
  (net 123 "Net-(U7-Pad27)")
  (net 124 "Net-(U7-Pad26)")
  (net 125 "Net-(U7-Pad25)")
  (net 126 "Net-(U7-Pad23)")
  (net 127 "Net-(U7-Pad22)")
  (net 128 "Net-(U7-Pad21)")
  (net 129 "Net-(U7-Pad20)")
  (net 130 "Net-(U7-Pad16)")
  (net 131 "Net-(U7-Pad12)")
  (net 132 "Net-(U7-Pad11)")
  (net 133 "Net-(U7-Pad9)")
  (net 134 "Net-(U7-Pad8)")
  (net 135 "Net-(U7-Pad7)")
  (net 136 "Net-(U7-Pad6)")
  (net 137 "Net-(U7-Pad5)")
  (net 138 "Net-(U7-Pad4)")
  (net 139 "Net-(U7-Pad3)")
  (net 140 "Net-(U7-Pad2)")
  (net 141 "Net-(U7-Pad1)")
  (net 142 "Net-(U9-Pad9)")
  (net 143 "Net-(U9-Pad16)")
  (net 144 "Net-(U9-Pad2)")
  (net 145 "Net-(U9-Pad3)")
  (net 146 "Net-(U9-Pad7)")
  (net 147 "Net-(U9-Pad8)")
  (net 148 "Net-(U9-Pad10)")
  (net 149 "Net-(U9-Pad11)")
  (net 150 "Net-(U9-Pad15)")
  (net 151 "Net-(U6-Pad7)")
  (net 152 "Net-(U6-Pad10)")
  (net 153 /MCU/PE2)
  (net 154 /MCU/PE3)
  (net 155 /MCU/PE4)
  (net 156 /MCU/PE5)
  (net 157 /MCU/PE6)
  (net 158 /MCU/PC13)
  (net 159 /MCU/TDI)
  (net 160 /MCU/PD1)
  (net 161 /MCU/PD7)
  (net 162 /MCU/nTRST)
  (net 163 /MCU/PB5)
  (net 164 /MCU/PE0)
  (net 165 /MCU/PE1)
  (net 166 "Net-(J15-Pad5)")
  (net 167 /RS-485_DE)
  (net 168 /S800_DTR)
  (net 169 /A6_INT)
  (net 170 /Reset_ESP)
  (net 171 /A6_ON)
  (net 172 /USART4_RX)
  (net 173 /USART4_TX)
  (net 174 /S800_ON)
  (net 175 /I2C1_SCL)
  (net 176 /uSD_D0)
  (net 177 /IN_Read)
  (net 178 /I2C1_SDA)
  (net 179 /uSD_CD)
  (net 180 /uSD_Cmd)
  (net 181 /uSD_CK)
  (net 182 /uSD_Det)
  (net 183 /USART1_TX)
  (net 184 /USART1_RX)
  (net 185 /USART2_RX)
  (net 186 /USART2_TX)
  (net 187 /OUT_EN)
  (net 188 /IN_P-S)
  (net 189 /IN_CLK)
  (net 190 /OUT_1)
  (net 191 /OUT_2)
  (net 192 /OUT_3)
  (net 193 /OUT_4)
  (net 194 /OUT_5)
  (net 195 /OUT_6)
  (net 196 /RS-485_R)
  (net 197 /RS-485_RE)
  (net 198 /RS-485_D)
  (net 199 /SPI1_NSS)
  (net 200 /SPI1_CK)
  (net 201 /SPI1_MISO)
  (net 202 /SPI1_MOSI)
  (net 203 /EXP_PIN1)
  (net 204 /EXP_PIN3)
  (net 205 /EXP_PIN5)
  (net 206 /EXP_PIN7)
  (net 207 /EXP_PIN9)
  (net 208 /EXP_PIN11)
  (net 209 /EXP_PIN10)
  (net 210 /EXP_PIN8)
  (net 211 /EXP_PIN6)
  (net 212 /EXP_PIN4)
  (net 213 /EXP_PIN2)
  (net 214 /USART6_TX)
  (net 215 /USART6_RX)
  (net 216 /CAN1_RX)
  (net 217 /CAN1_TX)

  (net_class Default "Esta es la clase de red por defecto."
    (clearance 0.2)
    (trace_width 0.254)
    (via_dia 1)
    (via_drill 0.5)
    (uvia_dia 0.3)
    (uvia_drill 0.1)
    (diff_pair_gap 0.254)
    (diff_pair_width 0.254)
    (add_net +4V)
    (add_net +5P)
    (add_net +5V)
    (add_net /A6_INT)
    (add_net /A6_ON)
    (add_net /An_In1)
    (add_net /An_In2)
    (add_net /An_In3)
    (add_net /An_In4)
    (add_net /BOOT0)
    (add_net /CAN1_RX)
    (add_net /CAN1_TX)
    (add_net /DIO/in_clk)
    (add_net /DIO/par_ser)
    (add_net /EXP_PIN1)
    (add_net /EXP_PIN10)
    (add_net /EXP_PIN11)
    (add_net /EXP_PIN2)
    (add_net /EXP_PIN3)
    (add_net /EXP_PIN4)
    (add_net /EXP_PIN5)
    (add_net /EXP_PIN6)
    (add_net /EXP_PIN7)
    (add_net /EXP_PIN8)
    (add_net /EXP_PIN9)
    (add_net /I2C1_SCL)
    (add_net /I2C1_SDA)
    (add_net /IN_CLK)
    (add_net /IN_P-S)
    (add_net /IN_Read)
    (add_net /LED1)
    (add_net /LED2)
    (add_net /LED3)
    (add_net /LED4)
    (add_net /MCU/PB2-BOOT1)
    (add_net /MCU/PB5)
    (add_net /MCU/PC13)
    (add_net /MCU/PC14)
    (add_net /MCU/PC15)
    (add_net /MCU/PD1)
    (add_net /MCU/PD7)
    (add_net /MCU/PDR_ON)
    (add_net /MCU/PE0)
    (add_net /MCU/PE1)
    (add_net /MCU/PE2)
    (add_net /MCU/PE3)
    (add_net /MCU/PE4)
    (add_net /MCU/PE5)
    (add_net /MCU/PE6)
    (add_net /MCU/PH0)
    (add_net /MCU/PH1)
    (add_net /MCU/TCK-SWCLK)
    (add_net /MCU/TDI)
    (add_net /MCU/TDO-SWO)
    (add_net /MCU/TMS-SWDIO)
    (add_net /MCU/VBAT)
    (add_net /MCU/VREF+)
    (add_net /MCU/nTRST)
    (add_net /NRST)
    (add_net /OUT_1)
    (add_net /OUT_2)
    (add_net /OUT_3)
    (add_net /OUT_4)
    (add_net /OUT_5)
    (add_net /OUT_6)
    (add_net /OUT_EN)
    (add_net /RS-485_D)
    (add_net /RS-485_DE)
    (add_net /RS-485_R)
    (add_net /RS-485_RE)
    (add_net /Reset_ESP)
    (add_net /S800_DTR)
    (add_net /S800_ON)
    (add_net /SPI1_CK)
    (add_net /SPI1_MISO)
    (add_net /SPI1_MOSI)
    (add_net /SPI1_NSS)
    (add_net /SW1)
    (add_net /SW2)
    (add_net /USART1_RX)
    (add_net /USART1_TX)
    (add_net /USART2_RX)
    (add_net /USART2_TX)
    (add_net /USART4_RX)
    (add_net /USART4_TX)
    (add_net /USART6_RX)
    (add_net /USART6_TX)
    (add_net /WiFi/A)
    (add_net /WiFi/B)
    (add_net /WiFi/DTR_SIM800)
    (add_net /WiFi/RX_SIM800)
    (add_net /WiFi/TX_SIM800)
    (add_net /WiFi/Y)
    (add_net /WiFi/Z)
    (add_net /analogico/AIn1)
    (add_net /uSD_CD)
    (add_net /uSD_CK)
    (add_net /uSD_Cmd)
    (add_net /uSD_D0)
    (add_net /uSD_Det)
    (add_net Earth)
    (add_net GND)
    (add_net GNDA)
    (add_net "Net-(C1-Pad1)")
    (add_net "Net-(C2-Pad1)")
    (add_net "Net-(C22-Pad1)")
    (add_net "Net-(C29-Pad1)")
    (add_net "Net-(C44-Pad1)")
    (add_net "Net-(C45-Pad1)")
    (add_net "Net-(C46-Pad1)")
    (add_net "Net-(C53-Pad1)")
    (add_net "Net-(C53-Pad2)")
    (add_net "Net-(C54-Pad1)")
    (add_net "Net-(C56-Pad1)")
    (add_net "Net-(C56-Pad2)")
    (add_net "Net-(C57-Pad1)")
    (add_net "Net-(C61-Pad1)")
    (add_net "Net-(C62-Pad1)")
    (add_net "Net-(D1-Pad2)")
    (add_net "Net-(D11-Pad1)")
    (add_net "Net-(D11-Pad2)")
    (add_net "Net-(D12-Pad1)")
    (add_net "Net-(D12-Pad2)")
    (add_net "Net-(D13-Pad3)")
    (add_net "Net-(D14-Pad1)")
    (add_net "Net-(D16-Pad1)")
    (add_net "Net-(D18-Pad3)")
    (add_net "Net-(D19-Pad3)")
    (add_net "Net-(D2-Pad1)")
    (add_net "Net-(D20-Pad3)")
    (add_net "Net-(D21-Pad2)")
    (add_net "Net-(D22-Pad2)")
    (add_net "Net-(D23-Pad2)")
    (add_net "Net-(D24-Pad2)")
    (add_net "Net-(D3-Pad1)")
    (add_net "Net-(D6-Pad1)")
    (add_net "Net-(F1-Pad1)")
    (add_net "Net-(F2-Pad1)")
    (add_net "Net-(F3-Pad1)")
    (add_net "Net-(F4-Pad1)")
    (add_net "Net-(J10-Pad4)")
    (add_net "Net-(J15-Pad5)")
    (add_net "Net-(J3-Pad1)")
    (add_net "Net-(J4-Pad5)")
    (add_net "Net-(J8-Pad1)")
    (add_net "Net-(J8-Pad11)")
    (add_net "Net-(J8-Pad12)")
    (add_net "Net-(J8-Pad13)")
    (add_net "Net-(J8-Pad14)")
    (add_net "Net-(J8-Pad8)")
    (add_net "Net-(J9-Pad1)")
    (add_net "Net-(J9-Pad2)")
    (add_net "Net-(J9-Pad3)")
    (add_net "Net-(J9-Pad4)")
    (add_net "Net-(J9-Pad5)")
    (add_net "Net-(J9-Pad6)")
    (add_net "Net-(JP1-Pad1)")
    (add_net "Net-(JP2-Pad1)")
    (add_net "Net-(JP3-Pad1)")
    (add_net "Net-(JP4-Pad1)")
    (add_net "Net-(JP5-Pad1)")
    (add_net "Net-(JP5-Pad3)")
    (add_net "Net-(JP6-Pad1)")
    (add_net "Net-(JP7-Pad1)")
    (add_net "Net-(JP7-Pad3)")
    (add_net "Net-(JP8-Pad1)")
    (add_net "Net-(Q1-Pad1)")
    (add_net "Net-(Q2-Pad1)")
    (add_net "Net-(Q3-Pad1)")
    (add_net "Net-(Q3-Pad3)")
    (add_net "Net-(R15-Pad2)")
    (add_net "Net-(R20-Pad2)")
    (add_net "Net-(R33-Pad2)")
    (add_net "Net-(R38-Pad1)")
    (add_net "Net-(R40-Pad1)")
    (add_net "Net-(R44-Pad1)")
    (add_net "Net-(R50-Pad1)")
    (add_net "Net-(R57-Pad1)")
    (add_net "Net-(U6-Pad10)")
    (add_net "Net-(U6-Pad7)")
    (add_net "Net-(U7-Pad1)")
    (add_net "Net-(U7-Pad11)")
    (add_net "Net-(U7-Pad12)")
    (add_net "Net-(U7-Pad16)")
    (add_net "Net-(U7-Pad2)")
    (add_net "Net-(U7-Pad20)")
    (add_net "Net-(U7-Pad21)")
    (add_net "Net-(U7-Pad22)")
    (add_net "Net-(U7-Pad23)")
    (add_net "Net-(U7-Pad25)")
    (add_net "Net-(U7-Pad26)")
    (add_net "Net-(U7-Pad27)")
    (add_net "Net-(U7-Pad3)")
    (add_net "Net-(U7-Pad30)")
    (add_net "Net-(U7-Pad4)")
    (add_net "Net-(U7-Pad5)")
    (add_net "Net-(U7-Pad6)")
    (add_net "Net-(U7-Pad7)")
    (add_net "Net-(U7-Pad8)")
    (add_net "Net-(U7-Pad9)")
    (add_net "Net-(U8-Pad1)")
    (add_net "Net-(U8-Pad10)")
    (add_net "Net-(U8-Pad12)")
    (add_net "Net-(U8-Pad7)")
    (add_net "Net-(U8-Pad8)")
    (add_net "Net-(U8-Pad9)")
    (add_net "Net-(U9-Pad10)")
    (add_net "Net-(U9-Pad11)")
    (add_net "Net-(U9-Pad15)")
    (add_net "Net-(U9-Pad16)")
    (add_net "Net-(U9-Pad2)")
    (add_net "Net-(U9-Pad3)")
    (add_net "Net-(U9-Pad7)")
    (add_net "Net-(U9-Pad8)")
    (add_net "Net-(U9-Pad9)")
    (add_net VDD)
    (add_net VDDA)
  )

  (module Diode_SMD:D_SMC (layer F.Cu) (tedit 5864295D) (tstamp 5D39C0E4)
    (at 186.436 61.214 270)
    (descr "Diode SMC (DO-214AB)")
    (tags "Diode SMC (DO-214AB)")
    (path /5D681DDF/5CD697A5)
    (attr smd)
    (fp_text reference D4 (at 6.036 -0.064) (layer F.SilkS)
      (effects (font (size 1 1) (thickness 0.15)))
    )
    (fp_text value B340 (at 0 4.2 270) (layer F.Fab)
      (effects (font (size 1 1) (thickness 0.15)))
    )
    (fp_text user %R (at 0 -1.9 270) (layer F.Fab)
      (effects (font (size 1 1) (thickness 0.15)))
    )
    (fp_line (start -4.8 3.25) (end -4.8 -3.25) (layer F.SilkS) (width 0.12))
    (fp_line (start 3.55 3.1) (end -3.55 3.1) (layer F.Fab) (width 0.1))
    (fp_line (start -3.55 3.1) (end -3.55 -3.1) (layer F.Fab) (width 0.1))
    (fp_line (start 3.55 -3.1) (end 3.55 3.1) (layer F.Fab) (width 0.1))
    (fp_line (start 3.55 -3.1) (end -3.55 -3.1) (layer F.Fab) (width 0.1))
    (fp_line (start -4.9 -3.35) (end 4.9 -3.35) (layer F.CrtYd) (width 0.05))
    (fp_line (start 4.9 -3.35) (end 4.9 3.35) (layer F.CrtYd) (width 0.05))
    (fp_line (start 4.9 3.35) (end -4.9 3.35) (layer F.CrtYd) (width 0.05))
    (fp_line (start -4.9 3.35) (end -4.9 -3.35) (layer F.CrtYd) (width 0.05))
    (fp_line (start -0.64944 0.00102) (end -1.55114 0.00102) (layer F.Fab) (width 0.1))
    (fp_line (start 0.50118 0.00102) (end 1.4994 0.00102) (layer F.Fab) (width 0.1))
    (fp_line (start -0.64944 -0.79908) (end -0.64944 0.80112) (layer F.Fab) (width 0.1))
    (fp_line (start 0.50118 0.75032) (end 0.50118 -0.79908) (layer F.Fab) (width 0.1))
    (fp_line (start -0.64944 0.00102) (end 0.50118 0.75032) (layer F.Fab) (width 0.1))
    (fp_line (start -0.64944 0.00102) (end 0.50118 -0.79908) (layer F.Fab) (width 0.1))
    (fp_line (start -4.8 3.25) (end 3.6 3.25) (layer F.SilkS) (width 0.12))
    (fp_line (start -4.8 -3.25) (end 3.6 -3.25) (layer F.SilkS) (width 0.12))
    (pad 1 smd rect (at -3.4 0) (size 3.3 2.5) (layers F.Cu F.Paste F.Mask)
      (net 44 +4V))
    (pad 2 smd rect (at 3.4 0) (size 3.3 2.5) (layers F.Cu F.Paste F.Mask)
      (net 89 "Net-(D3-Pad1)"))
    (model ${KISYS3DMOD}/Diode_SMD.3dshapes/D_SMC.wrl
      (at (xyz 0 0 0))
      (scale (xyz 1 1 1))
      (rotate (xyz 0 0 0))
    )
  )

  (module Capacitor_SMD:C_0603_1608Metric (layer F.Cu) (tedit 5B301BBE) (tstamp 5D39651E)
    (at 155.448 99.314 270)
    (descr "Capacitor SMD 0603 (1608 Metric), square (rectangular) end terminal, IPC_7351 nominal, (Body size source: http://www.tortai-tech.com/upload/download/2011102023233369053.pdf), generated with kicad-footprint-generator")
    (tags capacitor)
    (path /5D079A08/5D090DE8)
    (attr smd)
    (fp_text reference C3 (at 0 -1.43 270) (layer F.SilkS)
      (effects (font (size 1 1) (thickness 0.15)))
    )
    (fp_text value 1Uf (at 0 1.43 270) (layer F.Fab)
      (effects (font (size 1 1) (thickness 0.15)))
    )
    (fp_text user %R (at 0 0 270) (layer F.Fab)
      (effects (font (size 0.4 0.4) (thickness 0.06)))
    )
    (fp_line (start 1.48 0.73) (end -1.48 0.73) (layer F.CrtYd) (width 0.05))
    (fp_line (start 1.48 -0.73) (end 1.48 0.73) (layer F.CrtYd) (width 0.05))
    (fp_line (start -1.48 -0.73) (end 1.48 -0.73) (layer F.CrtYd) (width 0.05))
    (fp_line (start -1.48 0.73) (end -1.48 -0.73) (layer F.CrtYd) (width 0.05))
    (fp_line (start -0.162779 0.51) (end 0.162779 0.51) (layer F.SilkS) (width 0.12))
    (fp_line (start -0.162779 -0.51) (end 0.162779 -0.51) (layer F.SilkS) (width 0.12))
    (fp_line (start 0.8 0.4) (end -0.8 0.4) (layer F.Fab) (width 0.1))
    (fp_line (start 0.8 -0.4) (end 0.8 0.4) (layer F.Fab) (width 0.1))
    (fp_line (start -0.8 -0.4) (end 0.8 -0.4) (layer F.Fab) (width 0.1))
    (fp_line (start -0.8 0.4) (end -0.8 -0.4) (layer F.Fab) (width 0.1))
    (pad 2 smd roundrect (at 0.7875 0 270) (size 0.875 0.95) (layers F.Cu F.Paste F.Mask) (roundrect_rratio 0.25)
      (net 6 GND))
    (pad 1 smd roundrect (at -0.7875 0 270) (size 0.875 0.95) (layers F.Cu F.Paste F.Mask) (roundrect_rratio 0.25)
      (net 51 /MCU/VBAT))
    (model ${KISYS3DMOD}/Capacitor_SMD.3dshapes/C_0603_1608Metric.wrl
      (at (xyz 0 0 0))
      (scale (xyz 1 1 1))
      (rotate (xyz 0 0 0))
    )
  )

  (module Capacitor_SMD:C_0603_1608Metric (layer F.Cu) (tedit 5B301BBE) (tstamp 5D39650E)
    (at 214.884 49.276 270)
    (descr "Capacitor SMD 0603 (1608 Metric), square (rectangular) end terminal, IPC_7351 nominal, (Body size source: http://www.tortai-tech.com/upload/download/2011102023233369053.pdf), generated with kicad-footprint-generator")
    (tags capacitor)
    (path /5CD541CC/5D680BB7)
    (attr smd)
    (fp_text reference C55 (at -0.026 3.384 270) (layer F.SilkS)
      (effects (font (size 1 1) (thickness 0.15)))
    )
    (fp_text value 100nF (at 0 1.43 270) (layer F.Fab)
      (effects (font (size 1 1) (thickness 0.15)))
    )
    (fp_line (start -0.8 0.4) (end -0.8 -0.4) (layer F.Fab) (width 0.1))
    (fp_line (start -0.8 -0.4) (end 0.8 -0.4) (layer F.Fab) (width 0.1))
    (fp_line (start 0.8 -0.4) (end 0.8 0.4) (layer F.Fab) (width 0.1))
    (fp_line (start 0.8 0.4) (end -0.8 0.4) (layer F.Fab) (width 0.1))
    (fp_line (start -0.162779 -0.51) (end 0.162779 -0.51) (layer F.SilkS) (width 0.12))
    (fp_line (start -0.162779 0.51) (end 0.162779 0.51) (layer F.SilkS) (width 0.12))
    (fp_line (start -1.48 0.73) (end -1.48 -0.73) (layer F.CrtYd) (width 0.05))
    (fp_line (start -1.48 -0.73) (end 1.48 -0.73) (layer F.CrtYd) (width 0.05))
    (fp_line (start 1.48 -0.73) (end 1.48 0.73) (layer F.CrtYd) (width 0.05))
    (fp_line (start 1.48 0.73) (end -1.48 0.73) (layer F.CrtYd) (width 0.05))
    (fp_text user %R (at 0 0 270) (layer F.Fab)
      (effects (font (size 0.4 0.4) (thickness 0.06)))
    )
    (pad 1 smd roundrect (at -0.7875 0 270) (size 0.875 0.95) (layers F.Cu F.Paste F.Mask) (roundrect_rratio 0.25)
      (net 105 /An_In3))
    (pad 2 smd roundrect (at 0.7875 0 270) (size 0.875 0.95) (layers F.Cu F.Paste F.Mask) (roundrect_rratio 0.25)
      (net 97 GNDA))
    (model ${KISYS3DMOD}/Capacitor_SMD.3dshapes/C_0603_1608Metric.wrl
      (at (xyz 0 0 0))
      (scale (xyz 1 1 1))
      (rotate (xyz 0 0 0))
    )
  )

  (module Capacitor_SMD:C_0603_1608Metric (layer F.Cu) (tedit 5B301BBE) (tstamp 5D3964FE)
    (at 215 75 180)
    (descr "Capacitor SMD 0603 (1608 Metric), square (rectangular) end terminal, IPC_7351 nominal, (Body size source: http://www.tortai-tech.com/upload/download/2011102023233369053.pdf), generated with kicad-footprint-generator")
    (tags capacitor)
    (path /5D681DDF/5CD30D8B)
    (attr smd)
    (fp_text reference C29 (at 4.75 0 180) (layer F.SilkS)
      (effects (font (size 1 1) (thickness 0.15)))
    )
    (fp_text value 100nF (at 0 1.43 180) (layer F.Fab)
      (effects (font (size 1 1) (thickness 0.15)))
    )
    (fp_text user %R (at 0 0 180) (layer F.Fab)
      (effects (font (size 0.4 0.4) (thickness 0.06)))
    )
    (fp_line (start 1.48 0.73) (end -1.48 0.73) (layer F.CrtYd) (width 0.05))
    (fp_line (start 1.48 -0.73) (end 1.48 0.73) (layer F.CrtYd) (width 0.05))
    (fp_line (start -1.48 -0.73) (end 1.48 -0.73) (layer F.CrtYd) (width 0.05))
    (fp_line (start -1.48 0.73) (end -1.48 -0.73) (layer F.CrtYd) (width 0.05))
    (fp_line (start -0.162779 0.51) (end 0.162779 0.51) (layer F.SilkS) (width 0.12))
    (fp_line (start -0.162779 -0.51) (end 0.162779 -0.51) (layer F.SilkS) (width 0.12))
    (fp_line (start 0.8 0.4) (end -0.8 0.4) (layer F.Fab) (width 0.1))
    (fp_line (start 0.8 -0.4) (end 0.8 0.4) (layer F.Fab) (width 0.1))
    (fp_line (start -0.8 -0.4) (end 0.8 -0.4) (layer F.Fab) (width 0.1))
    (fp_line (start -0.8 0.4) (end -0.8 -0.4) (layer F.Fab) (width 0.1))
    (pad 2 smd roundrect (at 0.7875 0 180) (size 0.875 0.95) (layers F.Cu F.Paste F.Mask) (roundrect_rratio 0.25)
      (net 97 GNDA))
    (pad 1 smd roundrect (at -0.7875 0 180) (size 0.875 0.95) (layers F.Cu F.Paste F.Mask) (roundrect_rratio 0.25)
      (net 45 "Net-(C29-Pad1)"))
    (model ${KISYS3DMOD}/Capacitor_SMD.3dshapes/C_0603_1608Metric.wrl
      (at (xyz 0 0 0))
      (scale (xyz 1 1 1))
      (rotate (xyz 0 0 0))
    )
  )

  (module Capacitor_SMD:C_0603_1608Metric (layer F.Cu) (tedit 5B301BBE) (tstamp 5D3964EE)
    (at 108.204 116.84)
    (descr "Capacitor SMD 0603 (1608 Metric), square (rectangular) end terminal, IPC_7351 nominal, (Body size source: http://www.tortai-tech.com/upload/download/2011102023233369053.pdf), generated with kicad-footprint-generator")
    (tags capacitor)
    (path /5CF2977A/5CE8C2F4)
    (attr smd)
    (fp_text reference C61 (at 0.046 -3.59) (layer F.SilkS)
      (effects (font (size 1 1) (thickness 0.15)))
    )
    (fp_text value 100nF (at 0 1.43) (layer F.Fab)
      (effects (font (size 1 1) (thickness 0.15)))
    )
    (fp_line (start -0.8 0.4) (end -0.8 -0.4) (layer F.Fab) (width 0.1))
    (fp_line (start -0.8 -0.4) (end 0.8 -0.4) (layer F.Fab) (width 0.1))
    (fp_line (start 0.8 -0.4) (end 0.8 0.4) (layer F.Fab) (width 0.1))
    (fp_line (start 0.8 0.4) (end -0.8 0.4) (layer F.Fab) (width 0.1))
    (fp_line (start -0.162779 -0.51) (end 0.162779 -0.51) (layer F.SilkS) (width 0.12))
    (fp_line (start -0.162779 0.51) (end 0.162779 0.51) (layer F.SilkS) (width 0.12))
    (fp_line (start -1.48 0.73) (end -1.48 -0.73) (layer F.CrtYd) (width 0.05))
    (fp_line (start -1.48 -0.73) (end 1.48 -0.73) (layer F.CrtYd) (width 0.05))
    (fp_line (start 1.48 -0.73) (end 1.48 0.73) (layer F.CrtYd) (width 0.05))
    (fp_line (start 1.48 0.73) (end -1.48 0.73) (layer F.CrtYd) (width 0.05))
    (fp_text user %R (at 0 0) (layer F.Fab)
      (effects (font (size 0.4 0.4) (thickness 0.06)))
    )
    (pad 1 smd roundrect (at -0.7875 0) (size 0.875 0.95) (layers F.Cu F.Paste F.Mask) (roundrect_rratio 0.25)
      (net 61 "Net-(C61-Pad1)"))
    (pad 2 smd roundrect (at 0.7875 0) (size 0.875 0.95) (layers F.Cu F.Paste F.Mask) (roundrect_rratio 0.25)
      (net 6 GND))
    (model ${KISYS3DMOD}/Capacitor_SMD.3dshapes/C_0603_1608Metric.wrl
      (at (xyz 0 0 0))
      (scale (xyz 1 1 1))
      (rotate (xyz 0 0 0))
    )
  )

  (module Capacitor_SMD:C_0603_1608Metric (layer F.Cu) (tedit 5B301BBE) (tstamp 5D3964DE)
    (at 215 73.25 180)
    (descr "Capacitor SMD 0603 (1608 Metric), square (rectangular) end terminal, IPC_7351 nominal, (Body size source: http://www.tortai-tech.com/upload/download/2011102023233369053.pdf), generated with kicad-footprint-generator")
    (tags capacitor)
    (path /5D681DDF/5CD30D92)
    (attr smd)
    (fp_text reference C31 (at 4.75 0 180) (layer F.SilkS)
      (effects (font (size 1 1) (thickness 0.15)))
    )
    (fp_text value 100nF (at 0 1.43 180) (layer F.Fab)
      (effects (font (size 1 1) (thickness 0.15)))
    )
    (fp_text user %R (at 0 0 180) (layer F.Fab)
      (effects (font (size 0.4 0.4) (thickness 0.06)))
    )
    (fp_line (start 1.48 0.73) (end -1.48 0.73) (layer F.CrtYd) (width 0.05))
    (fp_line (start 1.48 -0.73) (end 1.48 0.73) (layer F.CrtYd) (width 0.05))
    (fp_line (start -1.48 -0.73) (end 1.48 -0.73) (layer F.CrtYd) (width 0.05))
    (fp_line (start -1.48 0.73) (end -1.48 -0.73) (layer F.CrtYd) (width 0.05))
    (fp_line (start -0.162779 0.51) (end 0.162779 0.51) (layer F.SilkS) (width 0.12))
    (fp_line (start -0.162779 -0.51) (end 0.162779 -0.51) (layer F.SilkS) (width 0.12))
    (fp_line (start 0.8 0.4) (end -0.8 0.4) (layer F.Fab) (width 0.1))
    (fp_line (start 0.8 -0.4) (end 0.8 0.4) (layer F.Fab) (width 0.1))
    (fp_line (start -0.8 -0.4) (end 0.8 -0.4) (layer F.Fab) (width 0.1))
    (fp_line (start -0.8 0.4) (end -0.8 -0.4) (layer F.Fab) (width 0.1))
    (pad 2 smd roundrect (at 0.7875 0 180) (size 0.875 0.95) (layers F.Cu F.Paste F.Mask) (roundrect_rratio 0.25)
      (net 97 GNDA))
    (pad 1 smd roundrect (at -0.7875 0 180) (size 0.875 0.95) (layers F.Cu F.Paste F.Mask) (roundrect_rratio 0.25)
      (net 46 VDDA))
    (model ${KISYS3DMOD}/Capacitor_SMD.3dshapes/C_0603_1608Metric.wrl
      (at (xyz 0 0 0))
      (scale (xyz 1 1 1))
      (rotate (xyz 0 0 0))
    )
  )

  (module Capacitor_SMD:C_0603_1608Metric (layer F.Cu) (tedit 5B301BBE) (tstamp 5D3964CE)
    (at 251.46 59.69 90)
    (descr "Capacitor SMD 0603 (1608 Metric), square (rectangular) end terminal, IPC_7351 nominal, (Body size source: http://www.tortai-tech.com/upload/download/2011102023233369053.pdf), generated with kicad-footprint-generator")
    (tags capacitor)
    (path /5CD541CC/5D6F9467)
    (attr smd)
    (fp_text reference C54 (at 0 1.54 90) (layer F.SilkS)
      (effects (font (size 1 1) (thickness 0.15)))
    )
    (fp_text value 1nF (at 0 1.43 90) (layer F.Fab)
      (effects (font (size 1 1) (thickness 0.15)))
    )
    (fp_line (start -0.8 0.4) (end -0.8 -0.4) (layer F.Fab) (width 0.1))
    (fp_line (start -0.8 -0.4) (end 0.8 -0.4) (layer F.Fab) (width 0.1))
    (fp_line (start 0.8 -0.4) (end 0.8 0.4) (layer F.Fab) (width 0.1))
    (fp_line (start 0.8 0.4) (end -0.8 0.4) (layer F.Fab) (width 0.1))
    (fp_line (start -0.162779 -0.51) (end 0.162779 -0.51) (layer F.SilkS) (width 0.12))
    (fp_line (start -0.162779 0.51) (end 0.162779 0.51) (layer F.SilkS) (width 0.12))
    (fp_line (start -1.48 0.73) (end -1.48 -0.73) (layer F.CrtYd) (width 0.05))
    (fp_line (start -1.48 -0.73) (end 1.48 -0.73) (layer F.CrtYd) (width 0.05))
    (fp_line (start 1.48 -0.73) (end 1.48 0.73) (layer F.CrtYd) (width 0.05))
    (fp_line (start 1.48 0.73) (end -1.48 0.73) (layer F.CrtYd) (width 0.05))
    (fp_text user %R (at 0 0 90) (layer F.Fab)
      (effects (font (size 0.4 0.4) (thickness 0.06)))
    )
    (pad 1 smd roundrect (at -0.7875 0 90) (size 0.875 0.95) (layers F.Cu F.Paste F.Mask) (roundrect_rratio 0.25)
      (net 8 "Net-(C54-Pad1)"))
    (pad 2 smd roundrect (at 0.7875 0 90) (size 0.875 0.95) (layers F.Cu F.Paste F.Mask) (roundrect_rratio 0.25)
      (net 97 GNDA))
    (model ${KISYS3DMOD}/Capacitor_SMD.3dshapes/C_0603_1608Metric.wrl
      (at (xyz 0 0 0))
      (scale (xyz 1 1 1))
      (rotate (xyz 0 0 0))
    )
  )

  (module Capacitor_SMD:C_0603_1608Metric (layer F.Cu) (tedit 5B301BBE) (tstamp 5D3964BE)
    (at 249.428 59.69 90)
    (descr "Capacitor SMD 0603 (1608 Metric), square (rectangular) end terminal, IPC_7351 nominal, (Body size source: http://www.tortai-tech.com/upload/download/2011102023233369053.pdf), generated with kicad-footprint-generator")
    (tags capacitor)
    (path /5CD541CC/5D6E39E0)
    (attr smd)
    (fp_text reference C53 (at 0 -1.43 90) (layer F.SilkS)
      (effects (font (size 1 1) (thickness 0.15)))
    )
    (fp_text value 470pF (at 0 1.43 90) (layer F.Fab)
      (effects (font (size 1 1) (thickness 0.15)))
    )
    (fp_text user %R (at 0 0 90) (layer F.Fab)
      (effects (font (size 0.4 0.4) (thickness 0.06)))
    )
    (fp_line (start 1.48 0.73) (end -1.48 0.73) (layer F.CrtYd) (width 0.05))
    (fp_line (start 1.48 -0.73) (end 1.48 0.73) (layer F.CrtYd) (width 0.05))
    (fp_line (start -1.48 -0.73) (end 1.48 -0.73) (layer F.CrtYd) (width 0.05))
    (fp_line (start -1.48 0.73) (end -1.48 -0.73) (layer F.CrtYd) (width 0.05))
    (fp_line (start -0.162779 0.51) (end 0.162779 0.51) (layer F.SilkS) (width 0.12))
    (fp_line (start -0.162779 -0.51) (end 0.162779 -0.51) (layer F.SilkS) (width 0.12))
    (fp_line (start 0.8 0.4) (end -0.8 0.4) (layer F.Fab) (width 0.1))
    (fp_line (start 0.8 -0.4) (end 0.8 0.4) (layer F.Fab) (width 0.1))
    (fp_line (start -0.8 -0.4) (end 0.8 -0.4) (layer F.Fab) (width 0.1))
    (fp_line (start -0.8 0.4) (end -0.8 -0.4) (layer F.Fab) (width 0.1))
    (pad 2 smd roundrect (at 0.7875 0 90) (size 0.875 0.95) (layers F.Cu F.Paste F.Mask) (roundrect_rratio 0.25)
      (net 70 "Net-(C53-Pad2)"))
    (pad 1 smd roundrect (at -0.7875 0 90) (size 0.875 0.95) (layers F.Cu F.Paste F.Mask) (roundrect_rratio 0.25)
      (net 53 "Net-(C53-Pad1)"))
    (model ${KISYS3DMOD}/Capacitor_SMD.3dshapes/C_0603_1608Metric.wrl
      (at (xyz 0 0 0))
      (scale (xyz 1 1 1))
      (rotate (xyz 0 0 0))
    )
  )

  (module Capacitor_SMD:C_0603_1608Metric (layer F.Cu) (tedit 5B301BBE) (tstamp 5D3964AE)
    (at 115.316 116.84 180)
    (descr "Capacitor SMD 0603 (1608 Metric), square (rectangular) end terminal, IPC_7351 nominal, (Body size source: http://www.tortai-tech.com/upload/download/2011102023233369053.pdf), generated with kicad-footprint-generator")
    (tags capacitor)
    (path /5CF2977A/5CEC4C5A)
    (attr smd)
    (fp_text reference C62 (at 0.316 3.34 180) (layer F.SilkS)
      (effects (font (size 1 1) (thickness 0.15)))
    )
    (fp_text value 100nF (at 0 1.43 180) (layer F.Fab)
      (effects (font (size 1 1) (thickness 0.15)))
    )
    (fp_line (start -0.8 0.4) (end -0.8 -0.4) (layer F.Fab) (width 0.1))
    (fp_line (start -0.8 -0.4) (end 0.8 -0.4) (layer F.Fab) (width 0.1))
    (fp_line (start 0.8 -0.4) (end 0.8 0.4) (layer F.Fab) (width 0.1))
    (fp_line (start 0.8 0.4) (end -0.8 0.4) (layer F.Fab) (width 0.1))
    (fp_line (start -0.162779 -0.51) (end 0.162779 -0.51) (layer F.SilkS) (width 0.12))
    (fp_line (start -0.162779 0.51) (end 0.162779 0.51) (layer F.SilkS) (width 0.12))
    (fp_line (start -1.48 0.73) (end -1.48 -0.73) (layer F.CrtYd) (width 0.05))
    (fp_line (start -1.48 -0.73) (end 1.48 -0.73) (layer F.CrtYd) (width 0.05))
    (fp_line (start 1.48 -0.73) (end 1.48 0.73) (layer F.CrtYd) (width 0.05))
    (fp_line (start 1.48 0.73) (end -1.48 0.73) (layer F.CrtYd) (width 0.05))
    (fp_text user %R (at 0 0 180) (layer F.Fab)
      (effects (font (size 0.4 0.4) (thickness 0.06)))
    )
    (pad 1 smd roundrect (at -0.7875 0 180) (size 0.875 0.95) (layers F.Cu F.Paste F.Mask) (roundrect_rratio 0.25)
      (net 63 "Net-(C62-Pad1)"))
    (pad 2 smd roundrect (at 0.7875 0 180) (size 0.875 0.95) (layers F.Cu F.Paste F.Mask) (roundrect_rratio 0.25)
      (net 6 GND))
    (model ${KISYS3DMOD}/Capacitor_SMD.3dshapes/C_0603_1608Metric.wrl
      (at (xyz 0 0 0))
      (scale (xyz 1 1 1))
      (rotate (xyz 0 0 0))
    )
  )

  (module Capacitor_SMD:C_0603_1608Metric (layer F.Cu) (tedit 5B301BBE) (tstamp 5D39649E)
    (at 251.206 49.276 90)
    (descr "Capacitor SMD 0603 (1608 Metric), square (rectangular) end terminal, IPC_7351 nominal, (Body size source: http://www.tortai-tech.com/upload/download/2011102023233369053.pdf), generated with kicad-footprint-generator")
    (tags capacitor)
    (path /5CD541CC/5D781D77)
    (attr smd)
    (fp_text reference C57 (at -0.224 1.544 90) (layer F.SilkS)
      (effects (font (size 1 1) (thickness 0.15)))
    )
    (fp_text value 1nF (at 0 1.43 90) (layer F.Fab)
      (effects (font (size 1 1) (thickness 0.15)))
    )
    (fp_text user %R (at 0 0 90) (layer F.Fab)
      (effects (font (size 0.4 0.4) (thickness 0.06)))
    )
    (fp_line (start 1.48 0.73) (end -1.48 0.73) (layer F.CrtYd) (width 0.05))
    (fp_line (start 1.48 -0.73) (end 1.48 0.73) (layer F.CrtYd) (width 0.05))
    (fp_line (start -1.48 -0.73) (end 1.48 -0.73) (layer F.CrtYd) (width 0.05))
    (fp_line (start -1.48 0.73) (end -1.48 -0.73) (layer F.CrtYd) (width 0.05))
    (fp_line (start -0.162779 0.51) (end 0.162779 0.51) (layer F.SilkS) (width 0.12))
    (fp_line (start -0.162779 -0.51) (end 0.162779 -0.51) (layer F.SilkS) (width 0.12))
    (fp_line (start 0.8 0.4) (end -0.8 0.4) (layer F.Fab) (width 0.1))
    (fp_line (start 0.8 -0.4) (end 0.8 0.4) (layer F.Fab) (width 0.1))
    (fp_line (start -0.8 -0.4) (end 0.8 -0.4) (layer F.Fab) (width 0.1))
    (fp_line (start -0.8 0.4) (end -0.8 -0.4) (layer F.Fab) (width 0.1))
    (pad 2 smd roundrect (at 0.7875 0 90) (size 0.875 0.95) (layers F.Cu F.Paste F.Mask) (roundrect_rratio 0.25)
      (net 97 GNDA))
    (pad 1 smd roundrect (at -0.7875 0 90) (size 0.875 0.95) (layers F.Cu F.Paste F.Mask) (roundrect_rratio 0.25)
      (net 9 "Net-(C57-Pad1)"))
    (model ${KISYS3DMOD}/Capacitor_SMD.3dshapes/C_0603_1608Metric.wrl
      (at (xyz 0 0 0))
      (scale (xyz 1 1 1))
      (rotate (xyz 0 0 0))
    )
  )

  (module Capacitor_SMD:C_0603_1608Metric (layer F.Cu) (tedit 5B301BBE) (tstamp 5D39648E)
    (at 180.159 55.626 180)
    (descr "Capacitor SMD 0603 (1608 Metric), square (rectangular) end terminal, IPC_7351 nominal, (Body size source: http://www.tortai-tech.com/upload/download/2011102023233369053.pdf), generated with kicad-footprint-generator")
    (tags capacitor)
    (path /5D681DDF/5CD6FE63)
    (attr smd)
    (fp_text reference C36 (at -3.091 0.126 180) (layer F.SilkS)
      (effects (font (size 1 1) (thickness 0.15)))
    )
    (fp_text value 33p (at 0 1.43 180) (layer F.Fab)
      (effects (font (size 1 1) (thickness 0.15)))
    )
    (fp_line (start -0.8 0.4) (end -0.8 -0.4) (layer F.Fab) (width 0.1))
    (fp_line (start -0.8 -0.4) (end 0.8 -0.4) (layer F.Fab) (width 0.1))
    (fp_line (start 0.8 -0.4) (end 0.8 0.4) (layer F.Fab) (width 0.1))
    (fp_line (start 0.8 0.4) (end -0.8 0.4) (layer F.Fab) (width 0.1))
    (fp_line (start -0.162779 -0.51) (end 0.162779 -0.51) (layer F.SilkS) (width 0.12))
    (fp_line (start -0.162779 0.51) (end 0.162779 0.51) (layer F.SilkS) (width 0.12))
    (fp_line (start -1.48 0.73) (end -1.48 -0.73) (layer F.CrtYd) (width 0.05))
    (fp_line (start -1.48 -0.73) (end 1.48 -0.73) (layer F.CrtYd) (width 0.05))
    (fp_line (start 1.48 -0.73) (end 1.48 0.73) (layer F.CrtYd) (width 0.05))
    (fp_line (start 1.48 0.73) (end -1.48 0.73) (layer F.CrtYd) (width 0.05))
    (fp_text user %R (at 0 0 180) (layer F.Fab)
      (effects (font (size 0.4 0.4) (thickness 0.06)))
    )
    (pad 1 smd roundrect (at -0.7875 0 180) (size 0.875 0.95) (layers F.Cu F.Paste F.Mask) (roundrect_rratio 0.25)
      (net 44 +4V))
    (pad 2 smd roundrect (at 0.7875 0 180) (size 0.875 0.95) (layers F.Cu F.Paste F.Mask) (roundrect_rratio 0.25)
      (net 6 GND))
    (model ${KISYS3DMOD}/Capacitor_SMD.3dshapes/C_0603_1608Metric.wrl
      (at (xyz 0 0 0))
      (scale (xyz 1 1 1))
      (rotate (xyz 0 0 0))
    )
  )

  (module Capacitor_SMD:C_0603_1608Metric (layer F.Cu) (tedit 5B301BBE) (tstamp 5D39647E)
    (at 214.63 57.404 90)
    (descr "Capacitor SMD 0603 (1608 Metric), square (rectangular) end terminal, IPC_7351 nominal, (Body size source: http://www.tortai-tech.com/upload/download/2011102023233369053.pdf), generated with kicad-footprint-generator")
    (tags capacitor)
    (path /5CD541CC/5D6784DE)
    (attr smd)
    (fp_text reference C52 (at 0.154 -3.88 90) (layer F.SilkS)
      (effects (font (size 1 1) (thickness 0.15)))
    )
    (fp_text value 100nF (at 0 1.43 90) (layer F.Fab)
      (effects (font (size 1 1) (thickness 0.15)))
    )
    (fp_text user %R (at 0 0 90) (layer F.Fab)
      (effects (font (size 0.4 0.4) (thickness 0.06)))
    )
    (fp_line (start 1.48 0.73) (end -1.48 0.73) (layer F.CrtYd) (width 0.05))
    (fp_line (start 1.48 -0.73) (end 1.48 0.73) (layer F.CrtYd) (width 0.05))
    (fp_line (start -1.48 -0.73) (end 1.48 -0.73) (layer F.CrtYd) (width 0.05))
    (fp_line (start -1.48 0.73) (end -1.48 -0.73) (layer F.CrtYd) (width 0.05))
    (fp_line (start -0.162779 0.51) (end 0.162779 0.51) (layer F.SilkS) (width 0.12))
    (fp_line (start -0.162779 -0.51) (end 0.162779 -0.51) (layer F.SilkS) (width 0.12))
    (fp_line (start 0.8 0.4) (end -0.8 0.4) (layer F.Fab) (width 0.1))
    (fp_line (start 0.8 -0.4) (end 0.8 0.4) (layer F.Fab) (width 0.1))
    (fp_line (start -0.8 -0.4) (end 0.8 -0.4) (layer F.Fab) (width 0.1))
    (fp_line (start -0.8 0.4) (end -0.8 -0.4) (layer F.Fab) (width 0.1))
    (pad 2 smd roundrect (at 0.7875 0 90) (size 0.875 0.95) (layers F.Cu F.Paste F.Mask) (roundrect_rratio 0.25)
      (net 97 GNDA))
    (pad 1 smd roundrect (at -0.7875 0 90) (size 0.875 0.95) (layers F.Cu F.Paste F.Mask) (roundrect_rratio 0.25)
      (net 104 /An_In2))
    (model ${KISYS3DMOD}/Capacitor_SMD.3dshapes/C_0603_1608Metric.wrl
      (at (xyz 0 0 0))
      (scale (xyz 1 1 1))
      (rotate (xyz 0 0 0))
    )
  )

  (module Capacitor_SMD:C_0603_1608Metric (layer F.Cu) (tedit 5B301BBE) (tstamp 5D39646E)
    (at 152.146 100.33)
    (descr "Capacitor SMD 0603 (1608 Metric), square (rectangular) end terminal, IPC_7351 nominal, (Body size source: http://www.tortai-tech.com/upload/download/2011102023233369053.pdf), generated with kicad-footprint-generator")
    (tags capacitor)
    (path /5D079A08/5D090DEF)
    (attr smd)
    (fp_text reference C4 (at 0 -1.43) (layer F.SilkS)
      (effects (font (size 1 1) (thickness 0.15)))
    )
    (fp_text value 100nF (at 0 1.43) (layer F.Fab)
      (effects (font (size 1 1) (thickness 0.15)))
    )
    (fp_line (start -0.8 0.4) (end -0.8 -0.4) (layer F.Fab) (width 0.1))
    (fp_line (start -0.8 -0.4) (end 0.8 -0.4) (layer F.Fab) (width 0.1))
    (fp_line (start 0.8 -0.4) (end 0.8 0.4) (layer F.Fab) (width 0.1))
    (fp_line (start 0.8 0.4) (end -0.8 0.4) (layer F.Fab) (width 0.1))
    (fp_line (start -0.162779 -0.51) (end 0.162779 -0.51) (layer F.SilkS) (width 0.12))
    (fp_line (start -0.162779 0.51) (end 0.162779 0.51) (layer F.SilkS) (width 0.12))
    (fp_line (start -1.48 0.73) (end -1.48 -0.73) (layer F.CrtYd) (width 0.05))
